0
0
3
2
3
3
2
3
3
3
4
4
4
4
6
5
2
5
5
5
6
6
6
7
4
6
8
8
7
5
11
4
9
11
9
16
14
10
16
6
9
16
9
9
9
6
11
17
3
18
20
13
11
22
3
12
20
13
26
27
14
17
15
19
12
7
17
39
23
38
21
7
41
25
13
23
4
25
25
23
24
27
25
24
26
25
49
6
56
37
44
49
13
24
31
26
30
27
52
27
27
40
32
5
10
9
31
22
48
59
32
38
37
60
31
39
67
3
72
65
33
18
24
73
18
43
48
66
48
61
49
39
40
23
5
13
43
64
76
25
2
39
42
14
49
46
79
18
30
63
63
2
73
56
49
72
55
70
15
33
64
12
97
81
65
41
35
23
13
67
99
55
68
71
94
73
87
82
88
22
94
107
68
4
60
93
36
3
48
24
38
123
49
78
107
97
67
123
122
31
73
124
29
59
78
111
72
73
79
10
86
56
50
37
79
21
79
43
112
107
38
84
17
107
130
87
41
87
9
37
25
122
74
83
50
126
135
83
91
63
143
20
105
20
54
124
111
128
117
42
143
83
100
111
85
138
135
144
118
146
96
91
25
154
112
20
96
94
135
95
153
10
39
122
159
41
74
12
52
17
47
83
101
143
99
32
158
29
102
76
37
96
151
161
142
152
156
86
98
22
56
38
121
166
108
98
158
159
64
139
26
111
125
122
167
8
115
112
37
92
93
108
97
158
3
18
53
54
156
126
123
156
36
37
159
158
109
181
182
136
145
93
163
15
89
63
120
34
106
197
155
146
54
64
135
70
93
47
29
3
152
40
165
119
134
115
133
159
31
209
128
143
5
171
123
17
101
206
123
56
157
200
196
182
133
16
38
210
191
112
147
139
225
126
52
133
31
62
158
59
202
73
59
183
218
63
6
209
216
28
218
133
146
178
201
227
217
51
136
221
197
139
221
205
229
184
105
120
229
65
125
56
78
228
183
115
66
185
175
115
32
159
63
170
63
5
136
7
32
235
210
45
109
33
203
170
236
45
189
21
18
158
115
228
142
99
215
55
73
69
107
64
112
245
150
178
35
250
239
151
183
230
174
260
6
122
155
200
139
158
22
235
89
52
